date,rate_change,net_trading_volume,net_trading_value_billion_vnd,buy_volume,buy_value_billion_vnd,sell_volume,sell_value_billion_vnd,remaining_room,current_ownership,ticker
12/09/2024,12.6(0.40 %),0,0.0,0,0.0,0,0.0,"6,079,588",0.87%,brc
11/09/2024,12.55(0.40 %),"1,600",0.02,"1,600",0.02,0,0.0,"6,079,588",0.87%,brc
10/09/2024,12.5(-0.79 %),0,0.0,0,0.0,0,0.0,"6,081,188",0.86%,brc
09/09/2024,12.6(-0.40 %),0,0.0,0,0.0,0,0.0,"6,081,188",0.86%,brc
06/09/2024,12.65(0.40 %),0,0.0,0,0.0,0,0.0,"6,092,788",0.77%,brc
05/09/2024,12.6(-0.40 %),0,0.0,0,0.0,0,0.0,"6,092,788",0.77%,brc
04/09/2024,12.65(0.40 %),0,0.0,0,0.0,0,0.0,"6,092,788",0.77%,brc
30/08/2024,12.6(0.80 %),0,0.0,0,0.0,0,0.0,"6,092,788",0.77%,brc
29/08/2024,12.5(-0.40 %),0,0.0,0,0.0,0,0.0,"6,092,788",0.77%,brc
28/08/2024,12.55(0.40 %),0,0.0,0,0.0,0,0.0,"6,092,788",0.77%,brc
27/08/2024,12.5(-0.40 %),0,0.0,0,0.0,0,0.0,"6,092,788",0.77%,brc
26/08/2024,12.55(-0.40 %),0,0.0,0,0.0,0,0.0,"6,092,788",0.77%,brc
23/08/2024,12.6(1.61 %),"1,200",0.01,"1,200",0.01,0,0.0,"6,092,788",0.77%,brc
22/08/2024,12.4(0.00 %),100,0.0,100,0.0,0,0.0,"6,093,988",0.76%,brc
21/08/2024,12.4(0.00 %),0,0.0,0,0.0,0,0.0,"6,094,088",0.75%,brc
20/08/2024,12.4(-0.80 %),"1,600",0.02,"1,600",0.02,0,0.0,"6,095,688",0.74%,brc
19/08/2024,12.5(0.00 %),"1,500",0.02,"1,500",0.02,0,0.0,"6,095,688",0.74%,brc
16/08/2024,12.5(2.46 %),900,0.01,900,0.01,0,0.0,"6,097,188",0.73%,brc
15/08/2024,12.2(1.67 %),100,0.0,100,0.0,0,0.0,"6,093,088",0.76%,brc
14/08/2024,12(-0.41 %),"-5,000",-0.06,0,0.0,"5,000",0.06,"6,093,188",0.76%,brc
13/08/2024,12.05(0.42 %),0,0.0,0,0.0,0,0.0,"6,093,188",0.76%,brc
12/08/2024,12(0.42 %),100,0.0,100,0.0,0,0.0,"6,093,188",0.76%,brc
09/08/2024,11.95(-2.45 %),0,0.0,0,0.0,0,0.0,"6,093,288",0.76%,brc
08/08/2024,12.25(0.82 %),0,0.0,0,0.0,0,0.0,"6,093,288",0.76%,brc
07/08/2024,12.15(-2.02 %),500,0.01,500,0.01,0,0.0,"6,092,388",0.77%,brc
06/08/2024,12.4(-0.80 %),-600,-0.01,300,0.0,900,0.01,"6,092,888",0.76%,brc
05/08/2024,12.5(-3.10 %),600,0.01,600,0.01,0,0.0,"6,093,188",0.76%,brc
02/08/2024,14(1.08 %),700,0.01,700,0.01,0,0.0,"6,093,788",0.76%,brc
01/08/2024,13.85(-1.77 %),100,0.0,100,0.0,0,0.0,"6,094,488",0.75%,brc
31/07/2024,14.1(0.00 %),0,0.0,0,0.0,0,0.0,"6,094,588",0.75%,brc
30/07/2024,14.1(0.00 %),"7,600",0.11,"7,600",0.11,0,0.0,"6,094,588",0.75%,brc
29/07/2024,14.1(0.00 %),"7,600",0.11,"7,600",0.11,0,0.0,"6,094,588",0.75%,brc
24/07/2024,14.3(0.00 %),"1,100",0.02,"1,100",0.02,0,0.0,"6,102,788",0.68%,brc
23/07/2024,14.3(-3.05 %),0,0.0,0,0.0,0,0.0,"6,103,888",0.68%,brc
22/07/2024,14.75(-0.67 %),300,0.0,300,0.0,0,0.0,"6,103,888",0.68%,brc
19/07/2024,14.85(2.41 %),600,0.01,600,0.01,0,0.0,"6,104,188",0.67%,brc
18/07/2024,14.5(0.00 %),0,0.0,0,0.0,0,0.0,"6,104,788",0.67%,brc
17/07/2024,0(0.00 %),0,0.0,0,0.0,0,0.0,"6,104,788",0.67%,brc
16/07/2024,0(0.00 %),300,0.0,300,0.0,0,0.0,"6,104,788",0.67%,brc
15/07/2024,14.1(0.00 %),0,0.0,0,0.0,0,0.0,"6,105,088",0.67%,brc
12/07/2024,14.1(-1.05 %),0,0.0,0,0.0,0,0.0,"6,105,088",0.67%,brc
11/07/2024,14.25(-0.70 %),0,0.0,0,0.0,0,0.0,"6,105,088",0.67%,brc
10/07/2024,14.35(1.77 %),0,0.0,0,0.0,0,0.0,"6,105,088",0.67%,brc
08/07/2024,14.2(1.07 %),"1,100",0.02,"1,100",0.02,0,0.0,"6,105,088",0.67%,brc
04/07/2024,14.05(-5.07 %),"3,900",0.06,"3,900",0.06,0,0.0,"6,106,188",0.66%,brc
03/07/2024,14.8(3.50 %),200,0.0,200,0.0,0,0.0,"6,110,088",0.63%,brc
02/07/2024,14.3(-4.03 %),0,0.0,0,0.0,0,0.0,"6,110,288",0.62%,brc
01/07/2024,14.9(0.00 %),0,0.0,0,0.0,0,0.0,"6,110,288",0.62%,brc
28/06/2024,14.9(1.36 %),0,0.0,0,0.0,0,0.0,"6,110,288",0.62%,brc
27/06/2024,14.7(0.34 %),0,0.0,0,0.0,0,0.0,"6,110,288",0.62%,brc
26/06/2024,14.65(1.03 %),0,0.0,0,0.0,0,0.0,"6,110,288",0.62%,brc
25/06/2024,14.5(-1.69 %),0,0.0,0,0.0,0,0.0,"6,110,288",0.62%,brc
24/06/2024,14.75(0.34 %),"2,300",0.03,"2,300",0.03,0,0.0,"6,110,288",0.62%,brc
21/06/2024,14.7(2.08 %),0,0.0,0,0.0,0,0.0,"6,112,588",0.61%,brc
20/06/2024,14.4(0.00 %),0,0.0,0,0.0,0,0.0,"6,112,588",0.61%,brc
19/06/2024,14.4(-2.04 %),0,0.0,0,0.0,0,0.0,"6,112,588",0.61%,brc
18/06/2024,14.7(1.03 %),100,0.0,100,0.0,0,0.0,"6,112,588",0.61%,brc
17/06/2024,0(0.00 %),0,0.0,0,0.0,0,0.0,"6,112,688",0.6%,brc
14/06/2024,0(0.00 %),0,0.0,0,0.0,0,0.0,"6,112,688",0.6%,brc
13/06/2024,14.7(-1.34 %),0,0.0,0,0.0,0,0.0,"6,112,688",0.6%,brc
12/06/2024,14.9(0.00 %),600,0.01,600,0.01,0,0.0,"6,112,688",0.6%,brc
11/06/2024,14.9(1.36 %),0,0.0,0,0.0,0,0.0,"6,113,788",0.6%,brc
10/06/2024,14.7(1.73 %),500,0.01,500,0.01,0,0.0,"6,113,288",0.6%,brc
07/06/2024,14.45(0.35 %),0,0.0,0,0.0,0,0.0,"6,113,788",0.6%,brc
06/06/2024,14.4(-1.37 %),0,0.0,0,0.0,0,0.0,"6,113,788",0.6%,brc
05/06/2024,14.6(1.04 %),0,0.0,0,0.0,0,0.0,"6,113,788",0.6%,brc
04/06/2024,14.45(-0.34 %),600,0.01,600,0.01,0,0.0,"6,113,788",0.6%,brc
03/06/2024,14.5(0.69 %),0,0.0,0,0.0,0,0.0,"6,114,388",0.59%,brc
31/05/2024,14.4(-0.69 %),0,0.0,0,0.0,0,0.0,"6,114,388",0.59%,brc
30/05/2024,14.5(0.35 %),0,0.0,0,0.0,0,0.0,"6,114,388",0.59%,brc
29/05/2024,14.45(0.00 %),500,0.01,500,0.01,0,0.0,"6,114,388",0.59%,brc
28/05/2024,14.45(0.00 %),700,0.01,700,0.01,0,0.0,"6,114,888",0.59%,brc
27/05/2024,14.45(0.35 %),0,0.0,0,0.0,0,0.0,"6,115,588",0.58%,brc
24/05/2024,14.4(-0.69 %),0,0.0,0,0.0,0,0.0,"6,116,688",0.57%,brc
23/05/2024,14.5(2.11 %),0,0.0,0,0.0,0,0.0,"6,115,588",0.58%,brc
22/05/2024,14.2(0.35 %),0,0.0,0,0.0,0,0.0,"6,115,588",0.58%,brc
21/05/2024,14.15(-0.35 %),0,0.0,0,0.0,0,0.0,"6,115,588",0.58%,brc
20/05/2024,14.2(0.71 %),300,0.0,300,0.0,0,0.0,"6,115,588",0.58%,brc
17/05/2024,14.1(2.55 %),0,0.0,0,0.0,0,0.0,"6,115,888",0.58%,brc
16/05/2024,13.75(0.73 %),100,0.0,100,0.0,0,0.0,"6,116,888",0.57%,brc
15/05/2024,13.65(0.00 %),0,0.0,0,0.0,0,0.0,"6,116,988",0.57%,brc
14/05/2024,13.65(0.37 %),0,0.0,0,0.0,0,0.0,"6,116,988",0.57%,brc
13/05/2024,13.6(0.74 %),0,0.0,0,0.0,0,0.0,"6,115,988",0.58%,brc
10/05/2024,13.5(-1.46 %),300,0.0,300,0.0,0,0.0,"6,115,988",0.58%,brc
09/05/2024,13.7(0.00 %),700,0.01,700,0.01,0,0.0,"6,116,288",0.58%,brc
08/05/2024,13.7(0.00 %),0,0.0,0,0.0,0,0.0,"6,116,988",0.57%,brc
07/05/2024,13.7(1.48 %),200,0.0,200,0.0,0,0.0,"6,116,988",0.57%,brc
06/05/2024,13.5(0.00 %),0,0.0,0,0.0,0,0.0,"6,117,188",0.57%,brc
03/05/2024,13.5(3.85 %),0,0.0,0,0.0,0,0.0,"6,117,188",0.57%,brc
02/05/2024,13(0.00 %),"1,000",0.01,"1,000",0.01,0,0.0,"6,117,188",0.57%,brc
26/04/2024,13(0.00 %),700,0.01,700,0.01,0,0.0,"6,118,188",0.56%,brc
25/04/2024,13(-0.38 %),0,0.0,0,0.0,0,0.0,"6,117,588",0.56%,brc
24/04/2024,13.05(0.00 %),0,0.0,0,0.0,0,0.0,"6,117,588",0.56%,brc
23/04/2024,13.05(-0.38 %),100,0.0,100,0.0,0,0.0,"6,118,888",0.55%,brc
22/04/2024,13.1(0.77 %),0,0.0,0,0.0,0,0.0,"6,117,488",0.57%,brc
19/04/2024,13(1.96 %),"-1,000",-0.01,500,0.01,"1,500",0.02,"6,117,688",0.56%,brc
17/04/2024,12.75(-4.49 %),100,0.0,100,0.0,0,0.0,"6,116,688",0.57%,brc
16/04/2024,13.35(-1.48 %),"-1,300",-0.02,700,0.01,"2,000",0.03,"6,118,088",0.56%,brc
15/04/2024,13.55(-1.81 %),100,0.0,100,0.0,0,0.0,"6,116,788",0.57%,brc
12/04/2024,13.8(0.00 %),0,0.0,0,0.0,0,0.0,"6,116,888",0.57%,brc
11/04/2024,13.8(-0.72 %),0,0.0,0,0.0,0,0.0,"6,116,888",0.57%,brc
10/04/2024,13.9(0.00 %),0,0.0,0,0.0,0,0.0,"6,116,888",0.57%,brc
09/04/2024,13.9(0.36 %),0,0.0,0,0.0,0,0.0,"6,116,888",0.57%,brc
08/04/2024,13.85(0.73 %),100,0.0,100,0.0,0,0.0,"6,116,888",0.57%,brc
05/04/2024,13.75(0.36 %),200,0.0,200,0.0,0,0.0,"6,116,988",0.57%,brc
04/04/2024,13.7(-2.14 %),0,0.0,0,0.0,0,0.0,"6,117,188",0.57%,brc
03/04/2024,14(0.00 %),0,0.0,0,0.0,0,0.0,"6,116,988",0.57%,brc
02/04/2024,14(0.00 %),-200,-0.0,0,0.0,200,0.0,"6,117,188",0.57%,brc
01/04/2024,14(0.36 %),0,0.0,0,0.0,0,0.0,"6,116,988",0.57%,brc
29/03/2024,13.95(0.36 %),400,0.01,400,0.01,0,0.0,"6,116,988",0.57%,brc
28/03/2024,13.9(-0.71 %),0,0.0,0,0.0,0,0.0,"6,116,988",0.57%,brc
27/03/2024,14(0.00 %),-400,-0.01,0,0.0,400,0.01,"6,116,988",0.57%,brc
26/03/2024,14(0.36 %),0,0.0,0,0.0,0,0.0,"6,116,988",0.57%,brc
25/03/2024,13.95(1.09 %),200,0.0,200,0.0,0,0.0,"6,116,988",0.57%,brc
22/03/2024,13.8(-1.43 %),0,0.0,0,0.0,0,0.0,"6,117,188",0.57%,brc
21/03/2024,14(-0.71 %),0,0.0,0,0.0,0,0.0,"6,117,188",0.57%,brc
20/03/2024,14.1(0.00 %),0,0.0,0,0.0,0,0.0,"6,117,188",0.57%,brc
19/03/2024,14.1(2.92 %),200,0.0,200,0.0,0,0.0,"6,117,188",0.57%,brc
18/03/2024,13.7(-3.86 %),200,0.0,200,0.0,0,0.0,"6,117,388",0.57%,brc
15/03/2024,14.25(3.26 %),200,0.0,200,0.0,0,0.0,"6,117,588",0.56%,brc
14/03/2024,13.8(-2.13 %),0,0.0,0,0.0,0,0.0,"6,117,788",0.56%,brc
13/03/2024,14.1(0.71 %),0,0.0,0,0.0,0,0.0,"6,117,788",0.56%,brc
12/03/2024,14(0.00 %),500,0.01,500,0.01,0,0.0,"6,117,788",0.56%,brc
11/03/2024,14(0.72 %),0,0.0,0,0.0,0,0.0,"6,118,288",0.56%,brc
08/03/2024,13.9(0.00 %),0,0.0,0,0.0,0,0.0,"6,118,288",0.56%,brc
07/03/2024,13.9(2.96 %),200,0.0,200,0.0,0,0.0,"6,118,288",0.56%,brc
06/03/2024,14(0.00 %),0,0.0,0,0.0,0,0.0,"6,118,488",0.56%,brc
05/03/2024,14(1.82 %),200,0.0,200,0.0,0,0.0,"6,118,488",0.56%,brc
04/03/2024,13.75(0.73 %),0,0.0,0,0.0,0,0.0,"6,118,688",0.56%,brc
01/03/2024,13.65(0.00 %),600,0.01,600,0.01,0,0.0,"6,118,688",0.56%,brc
29/02/2024,13.65(0.00 %),100,0.0,100,0.0,0,0.0,"6,119,288",0.55%,brc
28/02/2024,13.65(0.37 %),200,0.0,200,0.0,0,0.0,"6,119,388",0.55%,brc
27/02/2024,13.6(0.74 %),200,0.0,200,0.0,0,0.0,"6,119,588",0.55%,brc
26/02/2024,13.5(-2.17 %),100,0.0,100,0.0,0,0.0,"6,119,788",0.55%,brc
23/02/2024,13.8(-1.43 %),400,0.01,400,0.01,0,0.0,"6,119,888",0.55%,brc
22/02/2024,14(1.45 %),200,0.0,200,0.0,0,0.0,"6,120,488",0.54%,brc
21/02/2024,13.8(-0.36 %),500,0.01,500,0.01,0,0.0,"6,120,488",0.54%,brc
20/02/2024,13.85(1.84 %),0,0.0,0,0.0,0,0.0,"6,120,988",0.54%,brc
19/02/2024,13.6(1.49 %),0,0.0,0,0.0,0,0.0,"6,120,988",0.54%,brc
16/02/2024,13.4(1.52 %),0,0.0,0,0.0,0,0.0,"6,120,988",0.54%,brc
15/02/2024,13.2(-1.12 %),0,0.0,0,0.0,0,0.0,"6,120,988",0.54%,brc
07/02/2024,13.35(1.14 %),0,0.0,0,0.0,0,0.0,"6,120,988",0.54%,brc
06/02/2024,13.2(-1.86 %),0,0.0,0,0.0,0,0.0,"6,120,988",0.54%,brc
05/02/2024,13.45(0.37 %),0,0.0,0,0.0,0,0.0,"6,120,988",0.54%,brc
02/02/2024,13.4(0.75 %),400,0.01,400,0.01,0,0.0,"6,121,388",0.53%,brc
01/02/2024,13.3(0.00 %),0,0.0,0,0.0,0,0.0,"6,121,388",0.53%,brc
31/01/2024,13.3(0.00 %),300,0.0,300,0.0,0,0.0,"6,121,388",0.53%,brc
30/01/2024,13.3(2.31 %),600,0.01,600,0.01,0,0.0,"6,121,688",0.53%,brc
29/01/2024,13(0.78 %),0,0.0,0,0.0,0,0.0,"6,122,288",0.53%,brc
26/01/2024,12.9(0.78 %),0,0.0,0,0.0,0,0.0,"6,122,288",0.53%,brc
25/01/2024,12.8(0.39 %),0,0.0,0,0.0,0,0.0,"6,122,288",0.53%,brc
24/01/2024,12.75(0.00 %),0,0.0,0,0.0,0,0.0,"6,122,288",0.53%,brc
23/01/2024,12.75(0.39 %),0,0.0,0,0.0,0,0.0,"6,122,288",0.53%,brc
22/01/2024,12.7(-1.93 %),0,0.0,0,0.0,0,0.0,"6,122,288",0.53%,brc
19/01/2024,12.95(1.17 %),0,0.0,0,0.0,0,0.0,"6,122,288",0.53%,brc
18/01/2024,12.8(1.59 %),300,0.0,300,0.0,0,0.0,"6,122,288",0.53%,brc
17/01/2024,12.6(-1.56 %),0,0.0,0,0.0,0,0.0,"6,122,588",0.52%,brc
16/01/2024,12.8(0.79 %),0,0.0,0,0.0,0,0.0,"6,122,588",0.52%,brc
15/01/2024,12.7(2.42 %),0,0.0,0,0.0,0,0.0,"6,122,588",0.52%,brc
12/01/2024,12.4(5.53 %),0,0.0,0,0.0,0,0.0,"6,122,588",0.52%,brc
11/01/2024,11.75(-3.69 %),0,0.0,0,0.0,0,0.0,"6,122,588",0.52%,brc
10/01/2024,12.2(0.00 %),0,0.0,0,0.0,0,0.0,"6,122,588",0.52%,brc
09/01/2024,12.2(-2.40 %),0,0.0,0,0.0,0,0.0,"6,122,588",0.52%,brc
08/01/2024,12.5(2.46 %),0,0.0,0,0.0,0,0.0,"6,122,588",0.52%,brc
05/01/2024,12.2(0.00 %),-900,-0.01,0,0.0,900,0.01,"6,122,588",0.52%,brc
04/01/2024,12.2(0.83 %),0,0.0,0,0.0,0,0.0,"6,121,688",0.53%,brc
03/01/2024,12.1(0.00 %),-100,-0.0,0,0.0,100,0.0,"6,121,688",0.53%,brc
02/01/2024,12.1(0.00 %),0,0.0,0,0.0,0,0.0,"6,121,588",0.53%,brc
